>Gli1_v015681_primary	15	0.001
0.139373394784	0.0283658332756	0.826449584784	0.00581118715612
0.00602585738514	0.00730409782627	0.968584291302	0.0180857534864
0.752925488394	0.138643896963	0.10782020509	0.000610409553391
0.00891506413815	0.985454360432	0.000357942121055	0.00527263330892
0.00102527614131	0.993219520294	0.00295088616435	0.00280431740019
0.795344175786	0.140509510162	0.0185755815658	0.0455707324859
0.00969702712386	0.988106320143	0.00130983209748	0.000886820635389
0.0727881541824	0.92383059579	0.000828191879305	0.0025530581481
0.0659559138887	0.762504489855	0.0261330665414	0.145406529715
0.405722105116	0.0763605755384	0.420217145419	0.0977001739262
0.0854483122884	0.0726845556944	0.780242863487	0.06162426853
0.29441738348	0.0850588022069	0.454727086287	0.165796728027
0.18967805777	0.077177279609	0.19984110541	0.533303557211
0.26905263892	0.271337654751	0.239459268012	0.220150438317
0.10700984858	0.0768058757673	0.703131847819	0.113052427834
<
