>REST_MA0138	21	0.001
0.13262099308610936	0.10936517913262099	0.23004399748585794	0.5279698302954117
0.036318096430807766	0.16844082654978085	0.09142141515341265	0.7038196618659988
0.047589229805886035	0.8553537883531622	0.031308703819661866	0.06574827802128992
0.9063670411985019	0.018726591760299626	0.05867665418227216	0.016229712858926344
0.02119700748129676	0.02743142144638404	0.9451371571072319	0.006234413965087282
0.07601246105919003	0.6093457943925233	0.2012461059190031	0.1133956386292835
0.9806973848069739	0.0043586550435865505	0.007471980074719801	0.007471980074719801
0.0018679950186799503	0.987546699875467	0.007471980074719801	0.00311332503113325
0.021793275217932753	0.9221668742216688	0.012453300124533	0.043586550435865505
0.5688473520249221	0.1252336448598131	0.10093457943925234	0.20498442367601247
0.13653366583541146	0.23379052369077308	0.0773067331670823	0.5523690773067331
0.024314214463840397	0.004364089775561097	0.9669576059850374	0.004364089775561097
0.012468827930174564	0.003117206982543641	0.9831670822942643	0.0012468827930174563
0.877105427323768	0.06986899563318777	0.021210230817217717	0.031815346225826574
0.008125	0.8	0.145625	0.04625
0.98375	0.005625	0.004375	0.00625
0.026348808030112924	0.008155583437892095	0.9598494353826851	0.0056461731493099125
0.12868801004394226	0.6321406151914627	0.11487758945386065	0.12429378531073447
0.22989949748743718	0.019472361809045227	0.4321608040201005	0.3184673366834171
0.1339622641509434	0.5867924528301887	0.20062893081761007	0.07861635220125786
0.11257861635220126	0.70062893081761	0.023270440251572325	0.16352201257861634
<