>Vdr_MA0693	16	0.001
0.1826846195669556	0.04704640675472543	0.764735983624908	0.005532990053410945
0.6211045602213934	0.00033088677656118397	0.37853447238599447	3.0080616051016725e-05
0.00028221681306663844	0.00017638550816664902	0.9991533495608	0.00038804811796662784
0.0001497454327643007	0.0003893381251871818	0.11578316861335729	0.8836777478286912
0.008409978581327958	0.014331611440090715	0.028946705304271136	0.9483117046743101
0.0008970106598243528	0.9793687548240398	0.0012933642071886018	0.01844087030894716
0.8994428899140386	0.0032771181527137057	0.09198618568655625	0.005293806246691371
0.10820042175294782	0.2606255012028869	0.048650093557872226	0.5825239834862931
0.17107172323536943	0.36052234771970754	0.0745113658994566	0.39389456314546645
0.18732546331556232	0.06937039857831936	0.7285795887281036	0.014724549378014725
0.6210602149246564	0.0004202437413699946	0.37842948910368013	9.005223029357028e-05
0.00021137924960366392	7.045974986788797e-05	0.9995420116258588	0.00017614937466971993
6.306363120388472e-05	0.0002207227092135965	0.07920792079207921	0.9205082928675034
0.008522359040829553	0.012670123136746597	0.040213869086195723	0.9385936487362281
0.00014726920811242953	0.9631616595135909	0.0015358074560296222	0.03515526382226711
0.8971347045535608	0.0032576388063250503	0.09606467720841755	0.0035429794316965877
<